DISAGREE B vs C none 1 qid=1
  B: 141 142 436 503 2611 3447 3638 3765 3848 4816 
  C: 141 142 436 503 545 2611 3447 3638 3848 4816 
DISAGREE B vs C none 1 qid=15
  B: 289 734 1212 1825 2060 2677 3568 4746 4791 4940 
  C: 289 734 1212 1825 2060 3568 4746 4791 4940 5040 
DISAGREE B vs C none 1 qid=18
  B: 257 682 1105 2612 3034 3302 3389 3550 4169 4384 
  C: 257 1105 2145 2612 3034 3302 3389 3550 4169 4384 
DISAGREE B vs C none 1 qid=20
  B: 2 1382 1545 1564 1865 2130 2982 4625 4730 5123 
  C: 2 1382 1564 1865 2130 2982 3819 4625 4730 5123 
DISAGREE B vs C dv 0.1 qid=13
  B: 588 640 1909 2231 2443 2716 2779 4205 4492 4585 
  C: 132 588 640 1909 2231 2443 2716 4205 4492 4585 
DISAGREE B vs C dv 0.1 qid=14
  B: 291 765 827 1096 1444 2285 2893 2931 3479 4264 
  C: 291 765 827 1444 2285 2893 2931 3479 3942 4264 
DISAGREE B vs C dv 0.1 qid=18
  B: 2382 2418 2619 2702 3034 3108 3418 4695 4737 5158 
  C: 1735 2382 2418 2619 3034 3108 3418 4695 4737 5158 
DISAGREE B vs C dv 0.01 qid=6
  B: 398 762 873 1854 2453 3464 3574 3589 4205 5124 
  C: 398 762 873 1854 2453 2926 3464 3589 4205 5124 
DISAGREE B vs C lex 0.1 qid=17
  B: 2658 2919 3635 3645 3975 4105 4703 4726 4751 5029 
  C: 2658 2919 3635 3645 3875 3975 4703 4726 4751 5029 
DISAGREE B vs C lex 0.1 qid=19
  B: 359 465 1805 2029 2320 2949 3167 3348 4150 5129 
  C: 465 1805 2029 2320 2949 3167 3348 3433 4150 5129 
DISAGREE B vs C lex 0.1 qid=22
  B: 87 680 2170 2418 2846 3205 3414 4122 4444 4469 
  C: 87 680 2170 2418 2846 3205 4122 4444 4469 5100 
DISAGREE B vs C lex 0.1 qid=23
  B: 749 1397 1779 2384 2540 2577 3593 3906 4447 4718 
  C: 139 1397 1779 2384 2540 2577 3593 3906 4447 4718 
DISAGREE B vs C lex 0.01 qid=10
  B: 229 301 319 444 998 1778 2238 2808 4113 4115 
  C: 229 301 319 444 998 1778 2238 2808 4113 4684 
DISAGREE B vs C lex 0.01 qid=11
  B: 3 104 185 444 1789 2301 2808 3525 3649 4713 
  C: 3 104 185 301 444 1789 2808 3525 3649 4713 
DISAGREE B vs C lex 0.01 qid=22
  B: 3 50 104 301 1778 2238 4262 4322 4940 5078 
  C: 3 50 104 301 1778 2238 4322 4479 4940 5078 
