DISAGREE B vs C none 1 qid=1
  B: 7287 8731 10326 10449 12345 37259 43360 47439 49518 53003 
  C: 7287 8731 10326 10449 37259 43360 44341 47439 49518 53003 
DISAGREE B vs C none 1 qid=5
  B: 4073 13745 16337 18825 28631 33795 37161 39085 44098 57240 
  C: 4073 9665 13745 16337 19794 33795 37161 39085 44098 57240 
DISAGREE B vs C none 1 qid=9
  B: 3272 9697 10124 15692 23389 26025 34540 42934 55900 56749 
  C: 3272 9697 10124 15692 26025 34540 42934 51880 55900 56749 
DISAGREE B vs C none 1 qid=13
  B: 17318 18780 20753 21829 29544 35679 39666 49546 51717 55411 
  C: 17318 18780 20753 21829 29544 34405 35679 39666 49546 55411 
DISAGREE B vs C none 1 qid=16
  B: 16317 24698 36155 37041 38798 39710 45323 46996 47309 57457 
  C: 657 16317 24698 36155 37041 38798 39710 45323 47309 57457 
DISAGREE B vs C none 1 qid=17
  B: 5145 6422 9312 15633 24152 36761 39213 39312 47502 48225 
  C: 5145 6422 9312 15633 24152 36761 39213 39312 47502 55536 
DISAGREE B vs C none 1 qid=19
  B: 1166 3278 8995 10905 23942 26626 31199 35353 43100 51111 
  C: 1166 3278 8995 10905 11256 26626 31199 35353 43100 51111 
DISAGREE B vs C none 1 qid=20
  B: 2421 12445 13025 14630 17379 27834 43731 53666 54650 57445 
  C: 2421 12445 13025 14630 17379 43731 53666 53788 54650 57445 
DISAGREE B vs C none 1 qid=22
  B: 2217 3939 8393 18378 26987 27077 28932 40041 42356 46565 
  C: 1871 2217 3939 8393 18378 26987 27077 28932 40041 42356 
DISAGREE B vs C none 1 qid=24
  B: 335 756 4360 11579 14141 19343 27480 35551 44683 46974 
  C: 335 756 4360 11579 14141 19343 27480 30220 35551 46974 
DISAGREE B vs C none 1 qid=25
  B: 3399 6767 6786 7561 8356 10123 14478 20339 39808 52225 
  C: 3399 6786 7561 8356 10123 11964 14478 20339 39808 52225 
DISAGREE B vs C dv 0.1 qid=1
  B: 2199 17527 18658 20205 22572 28838 33016 43474 53003 57330 
  C: 2199 3238 17527 18658 20205 22572 28838 33016 53003 57330 
DISAGREE B vs C dv 0.1 qid=6
  B: 6394 8150 15861 18623 22572 23646 26014 28294 33448 35902 
  C: 6394 8150 15861 18623 23646 26014 28294 33448 35902 50290 
DISAGREE B vs C dv 0.1 qid=8
  B: 4730 9799 11949 18458 18468 18623 39899 49147 52381 54802 
  C: 4730 9799 11949 18458 18468 18623 39899 49147 51288 54802 
DISAGREE B vs C dv 0.1 qid=11
  B: 8380 8973 15374 23530 23840 23860 33356 44657 54276 56679 
  C: 8380 8973 15374 23530 23840 23860 29987 33356 44657 54276 
DISAGREE B vs C dv 0.1 qid=12
  B: 7918 22459 24206 34677 38415 43259 49024 50192 50947 54224 
  C: 7918 22459 24206 32771 34677 43259 49024 50889 50947 54224 
DISAGREE B vs C dv 0.1 qid=18
  B: 9661 9803 25466 26006 28306 28500 36575 36819 39185 42050 
  C: 9661 9803 22206 25466 26006 28306 28500 36575 36819 39185 
DISAGREE B vs C dv 0.1 qid=20
  B: 1266 2165 6767 9351 28512 30772 33839 37863 43731 49440 
  C: 1266 2165 9351 15451 28512 30772 33839 37863 43731 49440 
DISAGREE B vs C dv 0.1 qid=22
  B: 2278 8973 10960 11458 19458 37312 40261 42255 42356 52054 
  C: 2278 8973 10960 11458 19458 28299 37312 42255 42356 52054 
DISAGREE B vs C dv 0.1 qid=23
  B: 3207 3726 21557 21760 27325 27723 49772 50058 55470 56669 
  C: 3207 3726 21557 21760 27325 27723 37135 49772 55470 56669 
DISAGREE B vs C dv 0.01 qid=12
  B: 1226 4481 6051 8695 19905 21747 36851 43190 50947 52373 
  C: 1226 6051 8695 19905 21747 24890 36851 43190 50947 52373 
DISAGREE B vs C dv 0.01 qid=15
  B: 1290 6051 6490 10255 15851 20895 38729 42049 44703 53800 
  C: 1290 6051 6490 15851 20895 31585 38729 42049 44703 53800 
DISAGREE B vs C dv 0.01 qid=18
  B: 4481 15390 27484 31858 33702 36575 39072 43155 50153 50947 
  C: 4481 15390 27484 31858 33702 36575 43155 50153 50947 55910 
DISAGREE B vs C dv 0.01 qid=20
  B: 2926 9351 9698 22398 28109 30772 31858 42049 45848 48307 
  C: 2926 7322 9351 9698 22398 28109 30772 42049 45848 48307 
DISAGREE B vs C dv 0.01 qid=22
  B: 9756 12458 15390 26375 26506 45047 49106 53471 53522 54236 
  C: 9756 12458 15390 23118 26506 45047 49106 53471 53522 54236 
DISAGREE B vs C dv 0.01 qid=25
  B: 398 9775 22398 24660 26343 43071 51129 53120 53522 54984 
  C: 398 9775 20831 22398 24660 43071 51129 53120 53522 54984 
DISAGREE B vs C dv 0.001 qid=5
  B: 9286 13230 17588 20895 27726 32098 37444 46762 50018 53522 
  C: 9286 11516 13230 17588 20895 27726 32098 37444 46762 50018 
DISAGREE B vs C lex 0.1 qid=1
  B: 232 8540 15397 22499 25397 27661 47439 48701 49844 55895 
  C: 232 8540 22499 25397 27661 47439 48701 49844 55895 56253 
DISAGREE B vs C lex 0.1 qid=3
  B: 10224 13716 16710 19596 28563 30655 33532 33748 43824 46583 
  C: 22 10224 13716 19596 28563 30655 33532 33748 43824 46583 
DISAGREE B vs C lex 0.1 qid=12
  B: 1409 16165 19799 24206 27738 28453 31163 42349 42958 53492 
  C: 1409 16165 19799 24206 28453 31163 42349 42958 46064 53492 
DISAGREE B vs C lex 0.1 qid=15
  B: 4400 4923 5708 6447 10431 12451 19586 20448 35233 57599 
  C: 4400 4923 5708 10431 12451 19586 20448 35233 54341 57599 
DISAGREE B vs C lex 0.1 qid=17
  B: 23435 25295 39213 40637 48225 49964 50780 52707 52757 55536 
  C: 14505 25295 39213 40637 48225 49964 50780 52707 52757 55536 
DISAGREE B vs C lex 0.1 qid=21
  B: 7331 21315 22250 29497 32234 40521 41918 43012 48822 53953 
  C: 7331 9729 21315 22250 32234 40521 41918 43012 48822 53953 
DISAGREE B vs C lex 0.1 qid=22
  B: 3476 6083 11670 20588 28953 32101 40041 42356 46022 46747 
  C: 6083 11670 20588 24276 28953 32101 40041 42356 46022 46747 
DISAGREE B vs C lex 0.1 qid=23
  B: 4390 12678 14843 18870 25851 35210 41109 44372 49795 51986 
  C: 4390 12678 14843 18870 25851 32824 35210 44372 49795 51986 
DISAGREE B vs C lex 0.1 qid=25
  B: 7561 8094 10123 14478 20339 38284 49839 52225 55341 56617 
  C: 7561 8094 10123 14478 20339 26616 38284 49839 52225 55341 
DISAGREE B vs C lex 0.01 qid=6
  B: 5074 10104 15025 26229 35902 42569 43716 50867 54254 55100 
  C: 7397 10104 15025 26229 35902 42569 43716 50867 54254 55100 
DISAGREE B vs C lex 0.01 qid=10
  B: 8562 14172 15254 18625 26340 31015 34150 42248 43401 54524 
  C: 3989 8562 14172 15254 18625 26340 31015 42248 43401 54524 
DISAGREE B vs C lex 0.01 qid=18
  B: 3465 3898 9825 12087 13955 16483 20075 23066 25923 51825 
  C: 3465 9825 12087 13955 16483 20075 23066 25923 40171 51825 
DISAGREE B vs C lex 0.01 qid=21
  B: 2174 2652 6458 8873 14226 18625 41284 43930 50642 51550 
  C: 2174 2652 6458 8873 14226 18539 18625 41284 50642 51550 
DISAGREE B vs C lex 0.01 qid=23
  B: 2408 8368 8606 10753 16539 25497 28338 42199 54524 55457 
  C: 2408 8606 10753 16539 25497 28338 29369 42199 54524 55457 
DISAGREE B vs C lex 0.001 qid=3
  B: 17625 18990 32383 32787 36912 39837 43381 44306 46405 53683 
  C: 17625 18990 20371 32787 36912 39837 43381 44306 46405 53683 
DISAGREE B vs C lex 0.001 qid=5
  B: 1730 27524 32383 32613 32721 39837 44306 49489 51014 51404 
  C: 1730 32383 32613 32721 39837 41067 44306 49489 51014 51404 
DISAGREE B vs C lex 0.001 qid=12
  B: 1348 20371 22295 29527 30188 32787 32846 36043 54110 54354 
  C: 1348 20371 22295 29527 30188 32787 32846 36043 39837 54354 
DISAGREE B vs C lex 0.001 qid=16
  B: 1348 7294 13604 13697 20371 27524 32613 36306 43381 57509 
  C: 1348 7294 13604 13697 20371 27524 32613 41067 43381 57509 
DISAGREE B vs C lex 0.001 qid=17
  B: 1348 1730 15213 20371 32613 36306 42306 46405 54110 54354 
  C: 1348 1730 15213 20371 32383 36306 42306 46405 54110 54354 
DISAGREE B vs C lex 0.001 qid=18
  B: 1730 5576 13604 17625 24512 27524 41067 42306 44306 47564 
  C: 1730 5158 5576 13604 17625 27524 41067 42306 44306 47564 
DISAGREE B vs C lex 0.001 qid=24
  B: 1348 1730 19195 20777 27524 29527 32613 32787 39837 40042 
  C: 1348 1730 19195 20777 29527 32613 32787 39837 40042 43381 
